0.0
0.0
0.0
0.0
0.0
0.0
0.0
0.0
0.0
0.0
0.0
0.0
0.0
0.0
0.0
0.0
0.0
0.0
0.0
0.0
0.0
0.0
0.0
0.0
0.0
0.0
0.0
0.0
0.0
0.0
0.0
0.0
0.0
0.0
0.0
0.0
0.0
0.0
0.0
0.0
0.0
0.0
0.0
0.0
0.0
0.0
0.0
0.0
0.0
0.0
0.0
0.0
0.0
0.0
0.0
0.0
0.0
0.0
0.0
0.0
0.0
0.0
0.0
0.0
0.0
0.0
0.0
0.0
0.0
0.0
0.0
0.0
0.0
0.0
0.0
0.0
0.0
0.0
0.0
0.0
0.0
0.0
0.0
0.0
0.0
0.0
0.0
0.0
0.0
0.0
0.0
0.0
0.0
0.0
0.0
0.0
0.0
0.0
0.0
0.0
0.0
0.0
0.0
0.0
0.0
0.0
0.0
0.0
0.0
0.0
0.0
0.0
0.0
0.0
0.0
0.0
0.0
0.0
0.0
0.0
0.0
0.0
0.0
0.0
0.0
0.0
0.0
0.0
0.0
0.0
0.0
0.0
0.0
0.0
0.0
0.0
0.0
0.0
0.0
0.0
0.0
0.0
0.0
0.0
0.0
0.0
0.0
0.0
0.0
0.0
0.0
0.0
0.0
0.0
0.0
0.0
0.0
0.0
0.0
0.0
0.0
0.0
0.0
0.0
0.0
0.0
0.0
0.0
0.0
0.0
0.0
0.0
0.0
0.0
0.0
0.0
0.0
0.0
0.0
0.0
0.0
0.0
0.0
0.0
0.0
0.0
0.0
0.0
0.0
0.0
0.0
0.0
0.0
0.0
0.0
0.0
0.0
0.0
0.0
0.0
0.0
0.0
0.0
0.0
0.0
0.0
0.0
0.0
0.0
0.0
0.0
0.0
0.0
0.0
0.0
0.0
0.0
0.0
0.0
0.0
0.0
0.0
0.0
0.0
0.0
0.0
0.0
0.0
0.0
0.0
0.0
0.0
0.0
0.0
0.0
0.0
0.0
0.0
0.0
0.0
0.0
0.0
0.0
0.0
0.0
0.0
0.0
0.0
0.0
0.0
0.0
0.0
0.0
0.0
0.0
0.0
0.0
0.0
0.0
0.0
0.0
0.0
0.0
0.0
0.0
0.0
0.0
0.0
0.0
0.0
0.0
0.0
0.0
0.0
0.0
0.0
0.0
0.0
0.0
0.0
0.0
0.0
0.0
0.0
0.0
0.0
0.0
0.0
0.0
0.0
0.0
0.0
0.0
0.0
0.0
0.0
0.0
0.0
0.0
0.0
0.0
0.0
0.0
0.0
0.0
0.0
0.0
0.0
0.0
0.0
0.0
0.0
0.0
0.0
0.0
0.10116978588138728
0.7192128250724441
1.7807864559090492
2.3327876611483918
2.213226945839571
2.178409183868111
2.189677416516045
2.3938677913381303
3.085479776909152
3.8415980370185463
4.266041380666432
4.454567506081379
4.671928697783876
5.004488937190175
5.276419618910002
5.3664545291754555
5.371074017477864
5.51146578940126
5.83751325479214
6.244761852621551
6.580559016800493
6.694014878564116
6.635841026103602
6.581588744845158
6.710120050143953
6.945663882935203
7.095475714201139
7.102061977693448
6.962863273804111
6.695892792489457
6.444544493577025
6.3336784063846965
6.455736049034207
6.682415661802969
6.776641614855067
6.792061146912752
6.633194349338876
6.389228960812307
6.273296176893188
6.310982773548474
6.429803376364478
6.482302780279373
6.4129100893557425
6.366163737133201
6.380650365805043
6.397921558698552
6.422785901762751
6.3964299333481565
6.3458468061244435
6.350801415733217
6.396005864072059
6.467630059317417
6.561151250361592
6.620505883252559
6.58353682879849
6.480213791022823
6.3376856872143525
6.044670201307065
5.813950838217161
5.950771019020198
6.34004237976156
6.484427668782936
6.289402891474414
6.1110442202354305
6.1402939019821
6.233620751782691
6.160958327856258
5.876561928033513
5.631950685631949
5.697384938613604
6.087873133125792
6.4991222849641765
6.65735112070026
6.647507003725813
6.4379299382895905
6.125241873810391
5.963755575632403
5.819397668354382
5.61081855063396
5.568561866847842
5.096777265941801
3.8088417687879335
2.3264996757513483
1.174141883448358
0.4763732370489872
0.26496735884617045
0.2772941104963028
0.30853974650637417
0.2767084001220806
0.22292022527713518
0.18690808446419274
0.16130087848973695
0.09304108536392126
0.0
-0.07895834249822992
-0.13161201681455062
-0.17402659406070717
-0.19162615812239248
-0.2458885396517435
-0.2920771522847621
-0.29804139239143107
-3.352550392070608
-7.536111396370451
-6.8378704166552
-3.340071393714263
-0.7547107512403881
0.44327969912544907
0.7652286434193689
0.6815045811422646
0.3904041209228851
0.08305703100666606
-0.11716692124165862
-0.22676632871578734
-0.2739017470718358
-0.2030022685738434
-0.033731102018187464
0.11858713062910128
0.2213647184221848
0.2869481111329869
0.3039910702548874
0.293532813654636
0.27729147111598046
0.26355456328408433
0.2409320060366103
0.20990204969860218
0.18942312289358867
0.1746041128105192
-0.07793654416170662
-0.8698622730712984
-1.770822782805502
-2.196276566948958
-2.2996087561468856
-2.4248183892394812
-2.8024405710007234
-3.2591964340559114
-3.316360287746058
-3.4308665165545484
-3.991093719832179
-4.37669769538386
-4.380612178825766
-4.541184384591733
-5.004036311181155
-5.377037331144144
-5.231386131216465
-4.852409989209562
-4.599757496355821
-4.5297578960609455
-4.921062519357161
-5.6700113278734285
-6.344377368617569
-6.566120129986857
-6.46045255462332
-6.352922495757214
-6.325774645299543
-6.437248762260896
-6.557477070448142
-6.620817046967083
-6.603140165818415
-6.602573936903314
-6.734806730835238
-6.91501216969762
-7.093043887073824
-7.129509740070152
-7.014180917299159
-6.9402497025610765
-6.993839878324885
-7.090898704550695
-7.156111993402428
-7.158375615762797
-7.015324026101982
-6.739519574689373
-6.380692987122881
-6.039736481911547
-6.01637163862941
-6.342423932795633
-6.753115987925586
-7.142267594837154
-7.432722530557829
-7.427928699858136
-7.240450858470923
-7.130865631293251
-7.092988080403347
-6.963973097704835
-6.784055308946149
-6.768660042993276
-6.928638747089871
-7.158964872089516
-7.326616128734231
-7.302175907390686
-7.074571116118117
-6.695080579193079
-6.311539302024531
-6.273831509459467
-6.59249619070645
-7.011123723346613
-7.327990016814514
-7.449823942183245
-7.405513545665397
-7.220427909467168
-7.013586588560713
-6.877915327882002
-6.83539798166929
-6.904658562905523
-6.958525445324007
-6.99381001768551
-7.079457065348363
-7.193190359765143
-7.306289603080827
-7.382325527892774
-7.486761495128729
-7.516949455051314
-7.3007530463894295
-6.898355917877428
-6.582954929376019
-6.554095400089449
-6.863515266394954
-7.221838131422141
-7.28652520398667
-7.077698613509401
-6.738795958718724
-5.767654726617236
-4.1298373084119735
-2.455180677322762
-1.3211190912277808
-0.6491737958001094
-0.23292796014055028
0.0
0.08568740649993065
0.07281554859481042
-0.025096946740182063
-0.11390215594156447
-0.16457439502147292
-0.1694666645289296
-0.1454012299522244
-0.12933420396740747
-0.11995582555183652
-0.11775496565275524
-0.12150641658337027
-0.1279848867206977
-0.11035917570978915
-0.10813102823973253
-0.12339367704922012
-0.13790384411471024
-0.14128970158678278
-0.10091811782825445
-0.06001619127215059
-0.028542860261126506
0.0
0.04928892431967348
0.07252341731644464
0.06806301214006118
0.05061766660429072
0.0329578393534301
0.023689955989424832
0.021035984030933916
0.022607984780136113
0.025241184185055478
0.0
0.0
0.0
0.0
0.0
-0.02204024984769652
-0.02676678202989944
-0.02853169841010419
-0.028902877743374484
-0.028751986473355085
-0.028548599309820573
-0.02843280786554672
-0.028395456247019033
-0.02839560932215573
-0.028404808357591998
-0.028411668387951967
-0.028414571913581946
-0.028415081668813246
-0.02841475775876533
-0.028414393014575802
-0.028414193242754168
0.0
0.0
0.0
0.0
0.0
0.0
0.0
0.0
0.0
0.0
0.0
0.0
0.0
0.0
0.0
0.0
0.0
0.0
0.0
0.0
0.0
0.0
0.0
0.0
0.0
0.0
0.0
0.0
0.0
0.0
0.0
0.0
0.0
0.0
0.0
0.0
0.0
0.0
0.0
0.0
0.0
0.0
0.0
0.0
0.0
0.0
0.0
0.0
0.0
0.0
0.0
0.0
0.0
0.0
0.0
0.0
0.0
0.0
0.0
0.0
0.0
0.0
0.0
0.0
0.0
0.0
0.0
0.0
0.0
0.0
0.0
0.0
0.0
0.0
0.0
0.0
0.0
0.0
0.0
