0.0
0.0
0.0
0.0
0.0
0.0
0.0
0.0
0.0
0.0
0.0
0.0
0.0
0.0
0.0
0.0
0.0
0.0
0.0
0.0
0.0
0.0
0.0
0.0
0.0
0.0
0.0
0.0
0.0
0.0
0.0
0.0
0.0
0.0
0.0
0.0
0.0
0.0
0.0
0.0
0.0
0.0
0.0
0.0
0.0
0.0
0.0
0.0
0.0
0.0
0.0
0.0
0.0
0.0
0.0
0.0
0.0
0.0
0.0
0.0
0.0
0.0
0.0
0.0
0.0
0.0
0.0
0.0
0.0
0.0
0.0
0.0
0.0
0.0
0.0
0.0
0.0
0.0
0.0
0.0
0.0
0.0
0.0
0.0
0.0
0.0
0.0
0.0
0.0
0.0
0.0
0.0
0.0
0.0
0.0
0.0
0.0
0.0
0.0
0.0
0.0
0.0
0.0
0.0
0.0
0.0
0.0
0.0
0.0
0.0
0.0
0.0
0.0
0.0
0.0
0.0
0.05207977946089978
0.0
0.21487440107737255
0.6722417976805509
1.070400474491944
1.3689548627715569
1.5716132203203763
1.6166438096085507
1.5540822197204256
1.4292265032808067
1.4838924255763284
1.7455360188950815
2.042761974701574
2.2210352037040266
2.365455681895878
2.5985105245933986
2.970955679563471
3.3964343557051686
3.7372500158105884
3.905801809054963
4.085891960448988
4.3104280996233495
4.52646065799456
4.803125319451374
5.060539280942732
5.216552882334809
5.346694214023905
5.502823354800667
5.627576712441797
5.738323176470261
5.850736024697191
5.986649625256177
6.15227976184471
6.277165633966753
6.325700617798703
6.378475276818877
6.526601057074924
6.662108496584649
6.703196541136322
6.71189644173006
6.748840633281093
6.880316713018788
7.016884110187452
7.065561573563542
7.072177411304408
7.102593979537113
7.183399178267118
7.2732038817433535
7.348706030451252
7.40063447780288
7.42112783160856
7.448402626447253
7.475737274876657
7.493720879560469
7.509711572551802
7.527413235264236
7.573582019068967
7.678775892501822
7.786670318328431
7.868643737884383
7.9065106250185995
7.931749811658045
7.935980498013272
7.905047154013898
7.909745397147777
7.950422948409593
7.991717412229351
7.9850473868181435
7.979732536378523
7.989232700445231
8.00176867329612
7.9674584870710525
7.925246888107516
7.905489175004481
7.9073697997061565
7.851346004917051
7.7215963684189015
7.617603217175269
7.127896636918646
5.930320086737221
4.201453798049256
2.5864392386969284
1.4040379554258235
0.674336795547344
0.32373418249456487
0.2057669924289044
0.1836620430354628
0.17283037679499985
0.14070491231532867
0.11101062617152724
0.11064864353116517
0.11071737782152655
0.08233964819178231
0.04232017474865671
0.0
-0.043609112630611874
-0.08402420414157535
-0.16939719591339897
-0.26741567570770014
-0.3337080765553572
-0.3463917102279417
-0.3276914731425964
-0.3252198941909102
-0.3052051877246369
-0.26482966052797324
-0.1974366432696456
-0.13014383383842268
-0.0924022025291406
-0.07037035245444656
-0.05749195856474636
-0.05526653451754887
-0.058011795989852406
-0.06290366757670582
-0.03512264038615352
0.0
0.030410732275647757
0.05228958503086532
0.07227411421740458
0.08750422791291819
0.08615377981876479
0.07441356629954832
0.05404068882552536
0.026945405916439357
0.0
0.0
0.0
0.0
0.0
0.0
0.0
0.0
0.0
0.0
0.0
0.0
0.0
0.0
0.0
0.0
0.0
0.0
0.0
0.0
0.0
0.0
0.0
0.0
0.0
0.0
0.0
0.0
0.0
0.0
0.0
0.0
0.0
0.0
0.0
0.0
0.0
0.0
0.0
0.0
0.0
0.0
0.0
0.0
0.0
0.0
0.0
0.0
0.0
0.0
0.0
0.0
0.0
0.0
0.0
0.0
0.0
0.0
0.0
0.0
0.0
0.0
0.0
0.0
0.0
0.0
0.0
0.0
0.0
0.0
0.0
0.0
0.0
0.0
0.0
0.0
0.0
0.0
0.0
0.0
0.0
0.0
0.0
0.0
0.0
0.0
0.0
